CALSPHERE 1             
1 00900U 64063C   25324.31918951  .00000838  00000+0  84824-3 0  9998
2 00900  90.2213  66.9353 0025927 200.7778 221.7080 13.76323954 42690
CALSPHERE 2             
1 00902U 64063E   25324.31602178  .00000054  00000+0  68393-4 0  9995
2 00902  90.2361  70.8645 0020398 111.9922 307.5824 13.52880357828022
LCS 1                   
1 01361U 65034C   25324.24865269  .00000007  00000+0 -19614-3 0  9998
2 01361  32.1450 313.1230 0013365 102.5625 257.6368  9.89309281189194
TEMPSAT 1               
1 01512U 65065E   25324.19236578  .00000071  00000+0  12284-3 0  9995
2 01512  89.9895 212.6888 0071229 114.8628   6.8751 13.33579489932198
CALSPHERE 4A            
1 01520U 65065H   25324.18394209  .00000110  00000+0  19376-3 0  9992
2 01520  89.9082 124.4386 0068897 334.6626 201.0790 13.36233181934794
OPS 5712 (P/L 160)      
1 02826U 67053A   25324.24215478  .00007065  00000+0  10912-2 0  9990
2 02826  69.9177 188.9734 0004737 295.9270  64.1387 14.73690696 35406
LES-5                   
1 02866U 67066E   25324.15248191 -.00000050  00000+0  00000+0 0  9998
2 02866   2.1412 103.2963 0055683 198.4738 129.1140  1.09425330128742
SURCAL 159              
1 02872U 67053F   25323.82565650  .00000142  00000+0  13417-3 0  9997
2 02872  69.9736  91.6333 0006015   1.8923 358.2206 13.99533177980912
OPS 5712 (P/L 153)      
1 02874U 67053H   25324.09314293  .00000083  00000+0  98227-4 0  9991
2 02874  69.9728 203.4683 0004633 118.4619 241.6954 13.96785471977584
OPS 3811 (DSP 2)        
1 05204U 71039A   25324.20049552 -.00000089  00000+0  00000+0 0  9990
2 05204   0.3589 309.2314 0023808 334.2642  47.6583  0.98162138204181
RIGIDSPHERE 2 (LCS 4)   
1 05398U 71067E   25324.25419122  .00001015  00000+0  32629-3 0  9999
2 05398  87.6235  36.7909 0059478 204.0351 155.8071 14.37510503843865
OSCAR 7 (AO-7)          
1 07530U 74089B   25323.99177367 -.00000035  00000+0  72290-4 0  9999
2 07530 101.9973 330.0197 0012238 169.4945 247.6553 12.53693558334306
STARLETTE               
1 07646U 75010A   25324.16571101 -.00000103  00000+0  32937-4 0  9996
2 07646  49.8223 209.6412 0205649  92.5014 269.9437 13.82346779565628
LAGEOS 1                
1 08820U 76039A   25323.93593751  .00000001  00000+0  00000+0 0  9999
2 08820 109.8381 107.6794 0044672 347.0715 167.0121  6.38664915899770
OPS 8701 (DSP 10)       
1 13086U 82019A   25323.76459113 -.00000201  00000+0  00000+0 0  9991
2 13086   9.7183 310.6992 0006025 297.8877 246.2038  0.98192232 23601
PHASE 3B (AO-10)        
1 14129U 83058B   25322.11467051 -.00000055  00000+0  00000+0 0  9999
2 14129  26.1189 255.3864 6066696  56.7637 347.3702  2.05871619291144
UOSAT 2 (UO-11)         
1 14781U 84021B   25324.16323841  .00001427  00000+0  15348-3 0  9997
2 14781  97.7777 287.5484 0008411 145.4855 214.6910 14.90031624225991
AJISAI (EGS)            
1 16908U 86061A   25324.26162517 -.00000113  00000+0 -10667-3 0  9990
2 16908  50.0099  69.8341 0011216   9.4006  80.3540 12.44514112454378
TDRS 3                  
1 19548U 88091B   25322.93837354 -.00000290  00000+0  00000+0 0  9999
2 19548  12.7632 342.3894 0041025 341.3973  23.0285  1.00263666123281
COSMOS 1989 (ETALON 1)  
1 19751U 89001C   25323.54255424 -.00000030  00000+0  00000+0 0  9999
2 19751  64.8237  79.3721 0023443 217.0053 155.2498  2.13156075286907
COSMOS 2024 (ETALON 2)  
1 20026U 89039C   25324.28313396 -.00000046  00000+0  00000+0 0  9999
2 20026  65.0637 317.7291 0020441 214.3044 127.7011  2.13204624284049
FLTSATCOM 8 (USA 46)    
1 20253U 89077A   25323.97177756 -.00000354  00000+0  00000+0 0  9998
2 20253  12.4804 352.4142 0007279 270.2448 272.0927  1.00278631258468
LUSAT (LO-19)           
1 20442U 90005G   25324.00971678  .00000172  00000+0  78214-4 0  9995
2 20442  98.8972 334.9306 0012640  98.9857 261.2757 14.34031294872417
HST                     
1 20580U 90037B   25323.99496954  .00007162  00000+0  24976-3 0  9990
2 20580  28.4690  67.2438 0001614 359.6283   0.4311 15.27611976756512
SKYNET 4C               
1 20776U 90079A   25324.17525229  .00000138  00000+0  00000+0 0  9996
2 20776  13.4078 351.2335 0002715 253.5730 271.1671  1.00277240128794
USA 65 (DSP 15)         
1 20929U 90095A   25323.50279130 -.00000052  00000+0  00000+0 0  9993
2 20929  14.1350 345.4945 0002078 103.7594  69.7186  0.98397067 23403
TDRS 5                  
1 21639U 91054B   25323.77100450  .00000095  00000+0  00000+0 0  9991
2 21639  14.0974 355.3191 0013361 252.2204 281.4387  1.00275959125612
USA 75 (DSP 16)         
1 21805U 91080B   25324.02683595 -.00000142  00000+0  00000+0 0  9994
2 21805  14.1175 346.9950 0002049 129.4159  57.1926  0.99185718 23631
LAGEOS 2                
1 22195U 92070B   25307.70177288 -.00000009  00000+0  00000+0 0  9992
2 22195  52.6707  49.1347 0137819  88.8636  63.2830  6.47293461780823
TDRS 6                  
1 22314U 93003B   25323.93780403 -.00000285  00000+0  00000+0 0  9990
2 22314  14.1788 358.6037 0009785 209.6187 142.4780  1.00263961120307
SCD 1                   
1 22490U 93009B   25324.25387832  .00000503  00000+0  86881-4 0  9994
2 22490  24.9699  57.4879 0042280  86.8044 292.5528 14.45977209730847
UFO 2 (USA 95)          
1 22787U 93056A   25324.24816828  .00000138  00000+0  00000+0 0  9994
2 22787  11.8229   4.6785 0006410 258.1149 274.7399  1.00273046116453
STELLA                  
1 22824U 93061B   25324.24720712 -.00000019  00000+0  10741-4 0  9995
2 22824  98.8042  22.4341 0007314 120.2826 326.5680 14.27462792674969
EYESAT A (AO-27)        
1 22825U 93061C   25324.13241546  .00000150  00000+0  74473-4 0  9994
2 22825  98.7178  26.3428 0008289   1.3840 358.7364 14.30864875677102
ITAMSAT (IO-26)         
1 22826U 93061D   25324.17364387  .00000156  00000+0  76083-4 0  9993
2 22826  98.7125  26.2813 0008472 344.4334  15.6587 14.31284537677417
USA 99 (MILSTAR-1 1)    
1 22988U 94009A   25324.14312185 -.00000188  00000+0  00000+0 0  9998
2 22988  17.3066  29.9554 0003034 242.9349 108.0619  1.00272025 30851
RADIO ROSTO (RS-15)     
1 23439U 94085A   25324.25315093 -.00000044  00000+0 -37156-4 0  9996
2 23439  64.8170 281.1148 0148916  42.7476 318.4919 11.27582225272341
UFO 4 (USA 108)         
1 23467U 95003A   25323.41031742 -.00000006  00000+0  00000+0 0  9991
2 23467   9.7013  13.9104 0004362 219.2643 145.6897  1.00275754112852
TDRS 7                  
1 23613U 95035B   25324.03591124 -.00000229  00000+0  00000+0 0  9990
2 23613  13.4649 349.6237 0003657  91.5661  80.2503  1.00274206111156
USA 115 (MILSTAR-1 2)   
1 23712U 95060A   25324.20838222 -.00000008  00000+0  00000+0 0  9995
2 23712  13.9967   5.2846 0002222 259.3212 109.8888  1.00272091 30792
POLAR                   
1 23802U 96013A   25322.76785454  .00000092  00000+0  00000+0 0  9993
2 23802  79.6081 229.4139 6261894 216.1974  78.1071  1.29845965142127
INMARSAT 3-F1           
1 23839U 96020A   25323.70441646 -.00000340  00000+0  00000+0 0  9995
2 23839  10.1642  48.5219 0009296 189.8638 193.5185  0.99990032108168
USA 119                 
1 23893U 96029A   25324.25519717  .00000987  00000+0  19365-3 0  9994
2 23893  63.3244  18.4418 0840631  45.9927 320.7329 13.45486674 77157
JAS-2 (FO-29)           
1 24278U 96046B   25324.22258072  .00000004  00000+0  43698-4 0  9999
2 24278  98.5478 196.3773 0348858 278.5312  77.6447 13.53260987444906
INMARSAT 3-F2           
1 24307U 96053A   25323.94699074 -.00000041  00000+0  00000+0 0  9996
2 24307   9.3828  56.0288 0006505 181.1663 163.2832  1.00000554106826
INMARSAT 3-F3           
1 24674U 96070A   25324.21184891 -.00000051  00000+0  00000+0 0  9990
2 24674   9.8659  51.6244 0008782 193.1624 147.9173  0.99976325105812
NAVSTAR 43 (USA 132)    
1 24876U 97035A   25323.79796739  .00000015  00000+0  00000+0 0  9997
2 24876  55.8840 106.7663 0096549  57.0315 303.8674  2.00563509207754
FORTE                   
1 24920U 97047A   25323.49940871  .00000315  00000+0  15030-3 0  9991
2 24920  69.9512 127.6039 0023423 211.0230 148.9511 14.27816788468753
AMC-3                   
1 24936U 97050A   25323.29045672 -.00000244  00000+0  00000+0 0  9994
2 24936   7.6316  66.4670 0002883 177.3212 207.3504  1.00270789 50338
USA 134                 
1 25019U 97065A   25324.21002890 -.00000050  00000+0  00000+0 0  9996
2 25019  12.5348  23.2555 0005344 258.6874 101.0463  1.00272066 30855
ORBCOMM FM06            
1 25118U 97084G   25324.31619920  .00001884  00000+0  55547-3 0  9991
2 25118  45.0144 337.6612 0003489 279.1367 100.9924 14.46744266464131
INMARSAT 3-F5           
1 25153U 98006B   25323.70111758 -.00000274  00000+0  00000+0 0  9996
2 25153   9.2237  55.3066 0004921 192.9549   9.1022  1.00268430101797
ORBCOMM FM04            
1 25159U 98007C   25324.26725785  .00001347  00000+0  51205-3 0  9994
2 25159 107.9639  99.6260 0041132 329.7781  30.0988 14.35182652446615
CELESTIS-02 & TAURUS R/B
1 25160U 98007D   25324.09493537  .00000077  00000+0  91012-4 0  9994
2 25160 108.0076 270.1761 0060244 131.5336 239.9803 14.22402618440787
TECHSAT 1B (GO-32)      
1 25397U 98043D   25323.87689485  .00000113  00000+0  68907-4 0  9998
2 25397  98.9899 306.5636 0002328  94.5326 265.6118 14.24367953421531
WESTPAC                 
1 25398U 98043E   25324.23242182 -.00000004  00000+0  18602-4 0  9996
2 25398  98.9915 300.5967 0002382  90.4942 269.6508 14.23036016421226
ORBCOMM FM19            
1 25415U 98046C   25324.30496237  .00001230  00000+0  44174-3 0  9992
2 25415  44.9926 156.0275 0003055 354.7265 175.7756 14.38876330426681
ORBCOMM FM20            
1 25416U 98046D   25323.87744069  .00000883  00000+0  33848-3 0  9992
2 25416  44.9915 163.7747 0001057  33.1668 326.9246 14.37590901426662
ORBCOMM FM27            
1 25481U 98053G   25324.20197288  .00001292  00000+0  46438-3 0  9999
2 25481  45.0047 247.5698 0002368 322.8303  37.2382 14.38576734420136
SCD 2                   
1 25504U 98060A   25324.26204060  .00000492  00000+0  86574-4 0  9993
2 25504  24.9956 280.4955 0017022  75.8506  64.8508 14.45405777430067
ISS (ZARYA)             
1 25544U 98067A   25324.22216551  .00014969  00000+0  28011-3 0  9993
2 25544  51.6325 253.9268 0004000 147.6792 212.4442 15.48916399539369
SWAS                    
1 25560U 98071A   25324.30803587  .00005287  00000+0  35226-3 0  9995
2 25560  69.8984  45.4631 0008227 239.4858 120.5493 15.07674969465761
SKYNET 4E               
1 25639U 99009B   25320.87884666 -.00000027  00000+0  00000+0 0  9995
2 25639  11.9370  10.2402 0003348 229.6697 131.4899  1.00274889 49058
DLR-TUBSAT              
1 25757U 99029B   25324.20617269  .00000151  00000+0  49017-4 0  9995
2 25757  98.6545 308.0268 0013025 265.4482  94.5224 14.52345555402915
CXO                     
1 25867U 99040B   25322.81665439  .00000534  00000+0  00000+0 0  9996
2 25867  52.5795 123.3844 8177868 310.7722   0.0625  0.37807220 16521
ABS-6                   
1 25924U 99053A   25324.19243547  .00000000  00000+0  00000+0 0  9997
2 25924   0.0195 316.7864 0002491 292.3300  38.6076  1.00269726 95747
NAVSTAR 46 (USA 145)    
1 25933U 99055A   25323.90868360 -.00000074  00000+0  00000+0 0  9995
2 25933  51.6548 304.6170 0109368 169.6547 197.6673  2.00573294191382
UFO 10 (USA 146)        
1 25967U 99063A   25323.94239738 -.00000174  00000+0  00000+0 0  9997
2 25967   9.8221  28.2872 0006222 222.8046 124.4079  1.00271608 95240
ORBCOMM FM32            
1 25982U 99065C   25324.01964197  .00001133  00000+0  42877-3 0  9996
2 25982  45.0149  82.9931 0005781 105.3986 254.7501 14.36671930357005
XMM-NEWTON              
1 25989U 99066A   25324.92861183  .00000057  00000+0  00000+0 0  9997
2 25989  65.5384 285.7328 4752018  68.5601   0.2547  0.50134741 21965
TERRA                   
1 25994U 99068A   25324.27430126  .00000568  00000+0  12512-3 0  9994
2 25994  97.9780  16.7790 0002857 144.2880 303.7907 14.60915543379107
ASIASTAR                
1 26107U 00016A   25324.25301583 -.00000317  00000+0  00000+0 0  9996
2 26107   8.6417  60.3462 0005507 185.5914   9.7412  1.00272287 93829
IMAGE                   
1 26113U 00017A   25323.97839495 -.00000267  00000+0 -12059-1 0  9994
2 26113  94.0012 312.3909 7589202 312.1215   4.6043  1.68665142157971
USA 149 (DSP 20)        
1 26356U 00024A   25323.34341036  .00000107  00000+0  00000+0 0  9993
2 26356  13.0118  13.3187 0001129 259.2854 104.4688  1.00279712 30811
NAVSTAR 47 (USA 150)    
1 26360U 00025A   25323.90502753 -.00000090  00000+0  00000+0 0  9998
2 26360  55.0320  27.7617 0038610 239.7737 289.9711  2.00569760187075
TDRS 8                  
1 26388U 00034A   25323.67831685 -.00000182  00000+0  00000+0 0  9993
2 26388  12.3520  33.0624 0003717 218.5678 136.2598  1.00276660 93076
NAVSTAR 48 (USA 151)    
1 26407U 00040A   25324.13166794  .00000027  00000+0  00000+0 0  9993
2 26407  54.8966 223.4680 0127277 301.3801 231.5998  2.00567693185757
CLUSTER II-FM7 (SAMBA)  
1 26410U 00041A   25325.58334822  .00002174  00000+0  00000+0 0  9992
2 26410 147.2006  22.9597 8713515 238.6220   0.5596  0.44843639 19389
CLUSTER II-FM8 (TANGO)  
1 26464U 00045B   25326.26379221  .00002279  00000+0  00000+0 0  9999
2 26464 147.4974  23.5861 8721836 239.1106   0.7203  0.44422204 19376
NSS-11                  
1 26554U 00059A   25324.21518176  .00000046  00000+0  00000+0 0  9991
2 26554   1.5841  83.8926 0002998 163.8096  65.2709  1.00271260 39190
USA 153                 
1 26575U 00065A   25323.59593329 -.00000310  00000+0  00000+0 0  9999
2 26575  11.2631  37.1115 0002488 211.6342 159.0508  1.00277183 30831
AMC-6                   
1 26580U 00067A   25324.20552221  .00000109  00000+0  00000+0 0  9997
2 26580   0.0792  75.9517 0002778 157.9179 124.5687  1.00272939 91790
NAVSTAR 49 (USA 154)    
1 26605U 00071A   25324.28566984  .00000008  00000+0  00000+0 0  9997
2 26605  55.5072 103.2105 0167956 264.0829 301.8517  2.00574782183329
ODIN                    
1 26702U 01007A   25324.05314122  .00028731  00000+0  52188-3 0  9996
2 26702  97.4263 351.2906 0003219 173.2711 186.8583 15.49520478356810
USA 157 (MILSTAR-2 2)   
1 26715U 01009A   25323.77447119  .00000123  00000+0  00000+0 0  9990
2 26715  11.3114  21.0208 0042980 184.2311 342.5516  1.00269483 30844
BSAT-2A                 
1 26720U 01011B   25323.95063076 -.00000044  00000+0  00000+0 0  9998
2 26720  10.2878  49.3802 0008649 196.7642 174.4462  0.99179381 89904
INTELSAT 10 (IS-10)     
1 26766U 01019A   25323.34350183  .00000084  00000+0  00000+0 0  9990
2 26766   8.5725  61.3892 0006787 214.0225 146.2625  0.99074843 43499
OMNI-M1                 
1 26857U 01026A   25319.70871351 -.00000048  00000+0  00000+0 0  9990
2 26857  44.9300 294.4300 0016442 351.0814   8.9069  3.92402703197190
USA 159 (DSP 21)        
1 26880U 01033A   25323.51642093 -.00000285  00000+0  00000+0 0  9990
2 26880  12.5883  17.8874 0001135 268.4106 269.3433  1.00271325 30863
INTELSAT 902 (IS-902)   
1 26900U 01039A   25322.22476282 -.00000266  00000+0  00000+0 0  9990
2 26900   5.5835  74.3563 0004482 160.2329 213.7601  1.00270241 88580
PCSAT (NO-44)           
1 26931U 01043C   25323.68544021  .00000249  00000+0  12409-3 0  9997
2 26931  67.0516  66.0963 0007294 271.2264  88.8003 14.31836560260455
PROBA-1                 
1 26958U 01049B   25324.24261799  .00002103  00000+0  14258-3 0  9998
2 26958  97.9583 320.6765 0058014 108.4291 252.3254 15.06277651312150
TIMED                   
1 26998U 01055B   25324.22093083  .00001700  00000+0  16076-3 0  9998
2 26998  74.0681 295.5635 0001969 240.2465 119.8524 14.94570118299599
MAROC-TUBSAT            
1 27004U 01056D   25324.26994553 -.00000025  00000+0  24157-4 0  9994
2 27004  99.7913 132.3220 0019329 319.7978 215.7018 13.70251396197574
COSMOS 2385             
1 27056U 01058B   25324.31457051  .00000005  00000+0 -29376-4 0  9992
2 27056  82.5393 353.4456 0005862 357.0231  66.7088 12.60559666 99463
COSMOS 2386             
1 27057U 01058C   25324.12706258  .00000040  00000+0  16790-3 0  9991
2 27057  82.5450 348.0217 0001311 110.2100 249.9132 12.61611049100140
USA 164 (MILSTAR-2 3)   
1 27168U 02001A   25323.85808825  .00000112  00000+0  00000+0 0  9998
2 27168  10.9288  23.1304 0096784   2.6537   1.2416  1.00272015 30863
INTELSAT 904 (IS-904)   
1 27380U 02007A   25323.08457824 -.00000207  00000+0  00000+0 0  9990
2 27380   6.3942  71.7037 0000957 158.8999 186.7177  1.00269995 49653
AQUA                    
1 27424U 02022A   25324.32521762  .00001213  00000+0  25330-3 0  9991
2 27424  98.4004 284.8452 0000628  70.2926  91.6390 14.61732332252752
DIRECTV 5 (TEMPO 1)     
1 27426U 02023A   25323.92506396 -.00000037  00000+0  00000+0 0  9992
2 27426   4.3418  77.9237 0002986 166.2509  37.9473  1.00271539 86029
INTELSAT 905 (IS-905)   
1 27438U 02027A   25319.04604778  .00000101  00000+0  00000+0 0  9991
2 27438   6.2151  72.3761 0002626 169.1304  52.2988  1.00274466 49217
GALAXY 3C (G-3C)        
1 27445U 02030A   25324.21340892 -.00000132  00000+0  00000+0 0  9997
2 27445   3.2059  80.7374 0001387  74.9112 245.8282  1.00271722 44398
COSMOS 2390             
1 27464U 02036A   25324.28192965  .00000008  00000+0 -10705-4 0  9997
2 27464  82.4803 115.5930 0025199 357.2602   2.8337 12.44617967 61686
COSMOS 2391             
1 27465U 02036B   25324.35266553  .00000008  00000+0 -15140-4 0  9999
2 27465  82.4801 112.1668 0025986 351.3665   8.6965 12.44940267 61867
INTELSAT 906 (IS-906)   
1 27513U 02041A   25323.92614196  .00000033  00000+0  00000+0 0  9992
2 27513   5.2702  75.5007 0005886 181.4436 199.8099  1.00270708 84938
LATINSAT B              
1 27606U 02058B   25324.04959576  .00000797  00000+0  12876-3 0  9996
2 27606  64.5530 171.4081 0078777 311.4449  47.9904 14.76557906231212
SAUDISAT 1C (SO-50)     
1 27607U 02058C   25324.20459159  .00001741  00000+0  22670-3 0  9990
2 27607  64.5550  55.2408 0070935 300.7692  58.6441 14.82264665233475
LATINSAT A              
1 27612U 02058H   25324.21983674  .00001325  00000+0  16882-3 0  9997
2 27612  64.5556 250.2881 0056826 279.2612  80.2071 14.84874456236597
NIMIQ 2                 
1 27632U 02062A   25323.35297921 -.00000052  00000+0  00000+0 0  9999
2 27632   8.9603  59.0742 0006024 182.9921 194.4588  1.00272795 42085
CORIOLIS                
1 27640U 03001A   25324.26314184  .00000170  00000+0  10078-3 0  9994
2 27640  98.7145 329.3477 0015107  94.5203 265.7700 14.19860793184577
SORCE                   
1 27651U 03004A   25324.23324213  .00003685  00000+0  28644-3 0  9992
2 27651  39.9925  12.4981 0016703 344.1928  15.8342 15.02035507240459
NAVSTAR 51 (USA 166)    
1 27663U 03005A   25323.94811741  .00000026  00000+0  00000+0 0  9998
2 27663  54.9294 223.2849 0146474  51.4665 124.5580  2.00572216167118
USA 167                 
1 27691U 03008A   25323.39265186  .00000021  00000+0  00000+0 0  9992
2 27691  10.5440  45.2506 0004035 254.2811 138.4116  1.00273397  4671
NAVSTAR 52 (USA 168)    
1 27704U 03010A   25323.37125411 -.00000083  00000+0  00000+0 0  9993
2 27704  54.9344 333.1043 0004736 297.7590  86.7237  1.94743230165836
USA 169 (MILSTAR-2 4)   
1 27711U 03012A   25323.51824800 -.00000182  00000+0  00000+0 0  9997
2 27711  12.0305  31.5074 0094420   1.8676   4.1334  1.00271755 30857
ASIASAT 4               
1 27718U 03014A   25323.76207778 -.00000201  00000+0  00000+0 0  9994
2 27718   4.1683  78.3765 0003083 160.3283 242.2561  1.00271619 43200
HELLAS-SAT 2            
1 27811U 03020A   25324.08100197 -.00000064  00000+0  00000+0 0  9995
2 27811   6.8332  70.3798 0010594 176.1663 191.9904  1.00272260 40755
THURAYA-2               
1 27825U 03026A   25321.81533719  .00000137  00000+0  00000+0 0  9994
2 27825   8.5068  32.7892 0002522 243.2200 118.6554  1.00273453 82238
OPTUS C1                
1 27831U 03028B   25323.69235694 -.00000131  00000+0  00000+0 0  9997
2 27831   6.3639  71.9459 0005846 169.0181 223.0404  1.00272225 50960
MOST                    
1 27843U 03031D   25323.98828724  .00000112  00000+0  71566-4 0  9996
2 27843  98.7071 329.6326 0010663 132.4408 227.7672 14.21261270160991
CUTE-1 (CO-55)          
1 27844U 03031E   25323.96746714  .00000427  00000+0  20418-3 0  9991
2 27844  98.6765 330.1636 0010662  75.1647 285.0712 14.24151761161897
CUBESAT XI-IV (CO-57)   
1 27848U 03031J   25323.99324196  .00000346  00000+0  17130-3 0  9991
2 27848  98.6794 330.0694 0010623  91.2242 269.0154 14.23464023161612
SCISAT 1                
1 27858U 03036A   25324.19848280  .00001033  00000+0  13773-3 0  9998
2 27858  73.9302 226.4701 0007903 328.0869  31.9827 14.81065440200503
COSMOS 2400             
1 27868U 03037A   25324.31893060  .00000002  00000+0 -59647-4 0  9997
2 27868  82.4681 100.8277 0022114 151.1155 209.1155 12.45185695 11546
COSMOS 2401             
1 27869U 03037B   25324.33380733  .00000019  00000+0  61463-4 0  9994
2 27869  82.4676  97.2870 0022943 146.7836 213.4691 12.45498475 11776
USA 170                 
1 27875U 03040A   25322.95284696  .00000142  00000+0  00000+0 0  9994
2 27875  10.0539  49.9043 0002891 228.2114 147.4973  1.00279371 30882
MOZHAETS 4 (RS-22)      
1 27939U 03042A   25324.29979363  .00001667  00000+0  26842-3 0  9997
2 27939  98.3366 137.9049 0010776 206.2182 255.0500 14.72877420184790
LARETS                  
1 27944U 03042F   25324.22646954  .00000077  00000+0  24409-4 0  9995
2 27944  98.3888 117.3729 0011672 333.7207  26.3401 14.63811975182792
GALAXY 13 (HORIZONS-1)  
1 27954U 03044A   25324.19697491  .00000154  00000+0  00000+0 0  9998
2 27954   0.8762  86.7465 0002162 145.0095 108.6310  1.00270748 44470
IRS-P6 (RESOURCESAT-1)  
1 28051U 03046A   25324.29348832  .00000213  00000+0  85564-4 0  9991
2 28051  98.2210   5.7369 0063074 248.6676 245.2267 14.36059574150546
DMSP 5D-3 F16 (USA 172) 
1 28054U 03048A   25324.27568753  .00000151  00000+0  10267-3 0  9998
2 28054  99.0063 341.5539 0007520  26.3514  34.8065 14.14412826139959
CHUANGXIN 1 (CX-1)      
1 28058U 03049B   25324.21933764  .00000324  00000+0  98623-4 0  9990
2 28058  98.5253 216.5302 0013668  96.2217 264.0534 14.48431649166020
YAMAL 202               
1 28089U 03053A   25323.57127993 -.00000061  00000+0  00000+0 0  9992
2 28089   5.8136  73.4874 0006918 171.9891 182.5701  1.00271552 80594
UFO 11 (USA 174)        
1 28117U 03057A   25323.53373148 -.00000089  00000+0  00000+0 0  9999
2 28117   8.7299  34.8015 0004905 204.5206  87.2477  1.00271166 80348
NAVSTAR 53 (USA 175)    
1 28129U 03058A   25320.78329878 -.00000109  00000+0  00000+0 0  9991
2 28129  54.8945  31.1407 0002226 291.3996  68.6136  1.92678641160377
USA 176 (DSP 22)        
1 28158U 04004A   25324.21306225 -.00000145  00000+0  00000+0 0  9998
2 28158  11.7767  27.5716 0003042 231.1984 140.7961  1.00276202 30843
ABS-4 (MOBISAT-1)       
1 28184U 04007A   25323.92614196  .00000059  00000+0  00000+0 0  9999
2 28184   5.5112  74.5562 0006116 170.2922 208.7415  1.00270738 50241
EUTELSAT 7A             
1 28187U 04008A   25323.99058432  .00000123  00000+0  00000+0 0  9997
2 28187   5.2984  74.5079 0000790 147.6550  54.5232  1.00269997 79259
NAVSTAR 54 (USA 177)    
1 28190U 04009A   25318.00069429 -.00000061  00000+0  00000+0 0  9998
2 28190  55.0114 284.3769 0107970 167.1336 194.2094  2.00561848158634
SHIYAN-1 (SY-1)         
1 28220U 04012A   25324.13112272  .00013104  00000+0  49166-3 0  9993
2 28220  97.8971  24.3480 0007249  43.9408 316.2405 15.27344892179113
AMC-11                  
1 28252U 04017A   25324.21020223 -.00000028  00000+0  00000+0 0  9998
2 28252   0.0196 345.7356 0003101 260.0186 138.3204  1.00271786 78770
INTELSAT 10-02          
1 28358U 04022A   25324.08938486  .00000011  00000+0  00000+0 0  9996
2 28358   0.0322  64.2119 0000719 201.0363 185.3252  1.00272171 78462
NAVSTAR 55 (USA 178)    
1 28361U 04023A   25323.99153766 -.00000010  00000+0  00000+0 0  9990
2 28361  54.7207  95.1697 0155517 295.4546 248.2606  2.00571625156843
APRIZESAT 2             
1 28366U 04025A   25324.05033374  .00000332  00000+0  11599-3 0  9992
2 28366  98.0818 137.1123 0106191 160.9158 199.6056 14.37909490121586
SAUDICOMSAT 1           
1 28369U 04025D   25324.28773061  .00000582  00000+0  14515-3 0  9992
2 28369  98.5774 323.8132 0031270 304.6722  55.1528 14.55240667133743
SAUDICOMSAT 2           
1 28370U 04025E   25323.74736379  .00000435  00000+0  12325-3 0  9999
2 28370  98.6663 325.0777 0055813 172.7028 187.4990 14.49784988129754
SAUDISAT 2              
1 28371U 04025F   25323.92698397  .00000409  00000+0  10274-3 0  9999
2 28371  98.5406 313.6545 0024003 217.4148 142.5379 14.56495349135288
APRIZESAT 1             
1 28372U 04025G   25323.76387209  .00000396  00000+0  10972-3 0  9999
2 28372  98.6313 323.8008 0045890  72.4851 288.1350 14.51604842131525
AURA                    
1 28376U 04026A   25324.25620438  .00001212  00000+0  25758-3 0  9999
2 28376  98.3149 274.3838 0001002  81.0997 279.0317 14.60869968135706
ANIK F2                 
1 28378U 04027A   25324.21020223 -.00000029  00000+0  00000+0 0  9999
2 28378   2.7434  82.2562 0001841 102.4905 199.3202  1.00272409 39160
COSMOS 2407             
1 28380U 04028A   25324.28800727  .00000085  00000+0  70754-4 0  9994
2 28380  82.9620 229.5134 0040376 115.6296   3.6311 13.76310062 71142
SHIJIAN-6 01A (SJ-6 01A)
1 28413U 04035A   25324.03068015  .00007964  00000+0  43862-3 0  9990
2 28413  97.6069 345.8899 0007905 129.8211 230.3717 15.14264972155777
SHIJIAN-6 01B (SJ-6 01B)
1 28414U 04035B   25324.29903587  .00004530  00000+0  32570-3 0  9991
2 28414  97.6195 339.9155 0006693 118.6304 241.5597 15.04732081155397
COSMOS 2408             
1 28419U 04037A   25324.34523397  .00000004  00000+0 -41440-4 0  9991
2 28419  82.4824  96.7028 0015835   9.4823 350.6554 12.45673893961905
COSMOS 2409             
1 28420U 04037B   25324.32617073  .00000005  00000+0 -32760-4 0  9992
2 28420  82.4823  99.8522 0013627  21.0853 339.0787 12.45318580961558
AMC-15                  
1 28446U 04041A   25323.92601730 -.00000068  00000+0  00000+0 0  9999
2 28446   0.0557  79.1124 0002155 162.6663  45.7644  1.00271788 77200
JB-3 3 (ZY 2C)          
1 28470U 04044A   25324.02385108  .00004532  00000+0  22799-3 0  9991
2 28470  97.2497 120.9045 0033651 231.1747 128.6482 15.17214918156041
NAVSTAR 56 (USA 180)    
1 28474U 04045A   25323.40321071 -.00000080  00000+0  00000+0 0  9998
2 28474  55.2519 333.3449 0170123 308.2526  53.4632  2.00568550154221
SWIFT                   
1 28485U 04047A   25324.14046640  .00040863  00000+0  72603-3 0  9994
2 28485  20.5547 333.9600 0003953 304.8795  55.1276 15.48373575154208
NANOSAT-1               
1 28493U 04049B   25324.30954337  .00001535  00000+0  21267-3 0  9997
2 28493  98.2009  91.3417 0003007 234.4158 125.6772 14.79506742124550
COSMOS 2414             
1 28521U 05002A   25324.18241049  .00000097  00000+0  68307-4 0  9993
2 28521  82.9512 201.7148 0039407 203.7786 156.1559 13.87898748 54820
NSS-10                  
1 28526U 05003A   25324.08219148 -.00000232  00000+0  00000+0 0  9996
2 28526   5.9281  72.9840 0002595 172.3565 166.1621  1.00271204 51051
XM-3 (RHYTHM)           
1 28626U 05008A   25324.20474221  .00000068  00000+0  00000+0 0  9997
2 28626   0.1138  79.3540 0000653 328.1425 306.9029  0.98952298 40528
INMARSAT 4-F1           
1 28628U 05009A   25324.20407123  .00000052  00000+0  00000+0 0  9990
2 28628   4.8884  42.5147 0003498 202.5175  66.0120  1.00271910 75579
IRS-P5 (CARTOSAT-1)     
1 28649U 05017A   25324.05573050  .00001251  00000+0  13420-3 0  9994
2 28649  97.5519 351.4743 0002410  68.9744 291.1732 14.90294522112668
DIRECTV 8               
1 28659U 05019A   25324.06598473  .00000022  00000+0  00000+0 0  9995
2 28659   0.0157 301.0121 0002937 307.9977  75.0626  1.00273329 74976
GALAXY 28 (G-28)        
1 28702U 05022A   25324.21462226 -.00000166  00000+0  00000+0 0  9991
2 28702   2.7599  81.5393 0002481 175.4165 151.1010  1.00270603 49872
SJ-7                    
1 28737U 05024A   25324.30657391  .00007952  00000+0  39674-3 0  9992
2 28737  97.7499 344.1116 0018343  40.9497 319.3110 15.17652635116306
THAICOM 4               
1 28786U 05028A   25323.82782339 -.00000341  00000+0  00000+0 0  9990
2 28786   0.1284  88.0832 0002139 144.0485 244.4926  1.00270485 50157
REIMEI (INDEX)          
1 28810U 05031B   25324.27217526  .00006829  00000+0  44498-3 0  9992
2 28810  97.9979  74.1707 0021884 100.0246 260.3451 15.08069174 99474
ANIK F1R                
1 28868U 05036A   25324.21098223 -.00000054  00000+0  00000+0 0  9997
2 28868   3.7767  79.1733 0001426 127.3642 181.6268  1.00272673 44358
NAVSTAR 57 (USA 183)    
1 28874U 05038A   25322.96750939 -.00000061  00000+0  00000+0 0  9993
2 28874  55.0528 281.6580 0133172 293.0534  73.6741  2.00549910147627
SYRACUSE 3A             
1 28885U 05041B   25324.24816828  .00000166  00000+0  00000+0 0  9997
2 28885   4.1088  78.4293 0002628 166.6595 295.6184  1.00633679 73654
BEIJING 1               
1 28890U 05043A   25324.34142858  .00000512  00000+0  10848-3 0  9991
2 28890  98.2641  91.7975 0013981 211.1623 148.8751 14.63335456 70107
SINAH 1                 
1 28893U 05043D   25324.26359222  .00000566  00000+0  11753-3 0  9995
2 28893  98.2590  92.7634 0013960 206.4374 153.6117 14.63925697 69956
CUBESAT XI-V            
1 28895U 05043F   25323.87115936  .00002076  00000+0  34034-3 0  9990
2 28895  98.2712 110.5663 0014905 146.3399 213.8757 14.71768425 70958
INMARSAT 4-F2           
1 28899U 05044A   25323.97533090 -.00000241  00000+0  00000+0 0  9996
2 28899   4.8230  43.6439 0003222 202.0108 308.2294  1.00271051 73427
COSMOS 2416             
1 28908U 05048A   25324.25626468  .00000020  00000+0  63134-4 0  9991
2 28908  82.4679  81.2753 0007105 272.7272  95.1340 12.55590757912687
METEOSAT-9 (MSG-2)      
1 28912U 05049B   25322.81459922  .00000140  00000+0  00000+0 0  9997
2 28912   8.8843  56.1960 0002904 191.6945 149.2602  1.00277821  4884
EUTELSAT 174A           
1 28924U 05052A   25324.21518176  .00000030  00000+0  00000+0 0  9995
2 28924   3.6888  79.1165 0006090 158.6232  73.2748  1.00269267 50235
ECHOSTAR 10             
1 28935U 06003A   25324.21037557 -.00000034  00000+0  00000+0 0  9998
2 28935   0.0285   1.4990 0002552 180.6950 202.8429  1.00272319 72360
SPAINSAT                
1 28945U 06007A   25323.91864960 -.00000195  00000+0  00000+0 0  9993
2 28945   0.0018  57.3168 0005436 174.0100 128.6564  1.00271116 72123
JCSAT-5A                
1 29045U 06010A   25324.25838919 -.00000306  00000+0  00000+0 0  9996
2 29045   0.5660  86.9391 0000395  40.8664 156.8356  1.00273116 71676
ASTRA 1KR               
1 29055U 06012A   25324.23602906  .00000142  00000+0  00000+0 0  9999
2 29055   0.0481  62.2376 0006034 178.1144 283.3484  1.00273881 43606
EROS B                  
1 29079U 06014A   25324.29512453  .00126177  00000+0  14810-2 0  9994
2 29079  97.3506  79.9331 0004377 237.0209 123.0628 15.61052525 87295
RESURS-DK 1             
1 29228U 06021A   25324.27197334  .00002395  00000+0  14544-3 0  9993
2 29228  69.9305 159.8932 0007208 277.5873  82.4474 15.11976075 70985
GALAXY 16 (G-16)        
1 29236U 06023A   25323.92723064  .00000000  00000+0  00000+0 0  9999
2 29236   0.0307  96.3876 0002505 149.6764  47.9236  1.00270047 70876
ARIRANG-2 (KOMPSAT-2)   
1 29268U 06031A   25324.32242913  .00000436  00000+0  90695-4 0  9994
2 29268  97.8272 153.8872 0014967  21.3855 151.6944 14.64465523 30901
EUTELSAT HOTBIRD 13B    
1 29270U 06032A   25324.23880241  .00000177  00000+0  00000+0 0  9998
2 29270   1.1200  84.5590 0003311 151.3023 302.7162  1.00273349 45212
JCSAT-3A                
1 29272U 06033A   25324.25760919 -.00000323  00000+0  00000+0 0  9996
2 29272   0.0168 338.2829 0002123 267.5860  34.4309  1.00270975 45649
SYRACUSE 3B             
1 29273U 06033B   25323.30545015  .00000042  00000+0  00000+0 0  9997
2 29273   2.3599  82.7088 0004454 161.6766 287.5149  1.00272683 70570
KOREASAT 5 (MUGUNGWHA 5)
1 29349U 06034A   25324.25466250 -.00000336  00000+0  00000+0 0  9997
2 29349   1.2415  85.8525 0001492 182.8318 355.5921  1.00270612 39227
HINODE (SOLAR-B)        
1 29479U 06041A   25324.06445902  .00000821  00000+0  15069-3 0  9992
2 29479  98.0663 338.2333 0016543 228.8623 131.1155 14.68247279 24182
NAVSTAR 58 (USA 190)    
1 29486U 06042A   25323.60665272  .00000088  00000+0  00000+0 0  9994
2 29486  54.6909 159.6590 0107335  51.3675 320.3372  2.00555070140194
DIRECTV 9S              
1 29494U 06043A   25324.21219558 -.00000092  00000+0  00000+0 0  9990
2 29494   1.8796  83.4585 0002929 161.2277 150.0012  1.00271669 49286
OPTUS D1                
1 29495U 06043B   25324.19096213 -.00000162  00000+0  00000+0 0  9997
2 29495   2.4942  82.2567 0003746 158.0982  39.8808  1.00271388 70020
SHIJIAN-6 02A (SJ-6 02A)
1 29505U 06046A   25324.25495150  .00008216  00000+0  45790-3 0  9998
2 29505  97.6648 358.8567 0004391 125.4471 234.7171 15.13854025 40627
SHIJIAN-6 02B (SJ-6 02B)
1 29506U 06046B   25324.34767169  .00001887  00000+0  15455-3 0  9993
2 29506  97.6878 350.1927 0015368  44.7374 315.5086 15.00418637 39418
DMSP 5D-3 F17 (USA 191) 
1 29522U 06050A   25324.28312896  .00000205  00000+0  12859-3 0  9990
2 29522  98.7398 330.1392 0009191 295.4954  64.5269 14.14905738982873
BADR-4                  
1 29526U 06051A   25323.30995684  .00000166  00000+0  00000+0 0  9996
2 29526   1.4613  83.3748 0007373 189.2709 283.8272  1.00275888 49161
NAVSTAR 59 (USA 192)    
1 29601U 06052A   25324.01269862  .00000028  00000+0  00000+0 0  9999
2 29601  54.9759 222.3003 0087111  87.2073 273.8609  2.00572044139211
WILDBLUE-1              
1 29643U 06054A   25324.06754475 -.00000028  00000+0  00000+0 0  9992
2 29643   2.2616  83.1651 0001298 164.0448  85.2917  1.00272941 51693
LAPAN-TUBSAT            
1 29709U 07001A   25324.28480512  .00000816  00000+0  10069-3 0  9994
2 29709  98.1244 313.9818 0013070 140.7685 219.4479 14.85622711 20131
THEMIS A                
1 30580U 07004A   25323.65737176 -.00000218  00000+0  15696-2 0  9994
2 30580   4.7054 141.4584 8444680 143.6731 327.1202  0.87835293 39435
SKYNET 5A               
1 30794U 07007B   25323.75739267 -.00000251  00000+0  00000+0 0  9995
2 30794   4.7672  76.2756 0004291 176.9342 173.6903  1.00269089 68594
THEMIS D                
1 30797U 07004D   25323.95383744 -.00000254  00000+0  00000+0 0  9995
2 30797   4.9051  89.3388 8394168 199.1542  49.5560  0.87836315 39233
THEMIS E                
1 30798U 07004E   25323.95479079 -.00000221  00000+0  00000+0 0  9997
2 30798   2.1716 106.5873 8396930 182.7132  63.5393  0.87837716 64071
ANIK F3                 
1 31102U 07009A   25324.20872889  .00000020  00000+0  00000+0 0  9993
2 31102   0.6553  86.3839 0002489 147.1011 142.4598  1.00271340 44462
HAIYANG-1B              
1 31113U 07010A   25324.21889686  .00000135  00000+0  67128-4 0  9997
2 31113  98.3298 309.4297 0014702  99.8628 260.4216 14.30954458970741
SAUDISAT 3              
1 31118U 07012B   25324.13993091  .00000411  00000+0  74708-4 0  9990
2 31118  98.1193 269.7667 0014883 167.3219 192.8365 14.71224767997014
SAUDICOMSAT 7           
1 31119U 07012C   25324.18163009  .00000752  00000+0  14426-3 0  9992
2 31119  98.3510 289.4310 0057013 130.5990 230.0193 14.65719490991815
SAUDICOMSAT 6           
1 31121U 07012E   25323.37900635  .00000984  00000+0  19879-3 0  9993
2 31121  98.3814 282.4100 0070902 260.0294  99.2900 14.62201227989519
SAUDICOMSAT 5           
1 31124U 07012H   25323.62616605  .00001147  00000+0  20698-3 0  9998
2 31124  98.3225 289.6558 0049014  65.6491 294.9818 14.67730637992841
SAUDICOMSAT 3           
1 31125U 07012J   25324.14846595  .00001249  00000+0  21376-3 0  9997
2 31125  98.2879 290.7653 0039419 355.0879   4.9934 14.70204525994104
SAUDICOMSAT 4           
1 31127U 07012L   25323.85906010  .00000774  00000+0  15284-3 0  9998
2 31127  98.3710 287.5679 0063457 191.3123 168.6657 14.64134816990749
ASTRA 1L                
1 31306U 07016A   25323.30865684  .00000141  00000+0  00000+0 0  9996
2 31306   0.7777  82.7409 0003440 162.5805 303.7846  1.00271539 42882
GALAXY 17 (G-17)        
1 31307U 07016B   25323.78729794 -.00000186  00000+0  00000+0 0  9990
2 31307   2.4399  82.5530 0006149 163.2629  11.7076  1.00271493 67704
YAOGAN-2                
1 31490U 07019A   25324.19280395  .00000807  00000+0  10790-3 0  9991
2 31490  98.2844 172.5832 0020020 229.1709 130.7768 14.82329477996649
GLOBALSTAR M069         
1 31573U 07020C   25324.23610604 -.00000091  00000+0  15729-4 0  9994
2 31573  52.0007 123.5358 0002854  86.8914  85.8709 12.23463880853221
GLOBALSTAR M072         
1 31574U 07020D   25324.29459918 -.00000082  00000+0  33470-4 0  9993
2 31574  51.9945 296.3742 0000903 288.7966 210.6050 11.91653412850073
COSMO-SKYMED 1          
1 31598U 07023A   25324.24210056  .00003752  00000+0  34386-3 0  9997
2 31598  97.8837 149.4972 0001024  83.9580 276.1757 14.95529778998532
TERRASAR-X              
1 31698U 07026A   25323.92827276  .00001526  00000+0  75837-4 0  9997
2 31698  97.4447 329.6429 0001928  78.8692 281.2759 15.19149642 21457
COSMOS 2428             
1 31792U 07029A   25324.01221935 -.00000181  00000+0 -71492-4 0  9997
2 31792  70.9370  73.5948 0002467  61.8593 298.2778 14.12887521948606
ZHONGXING-6B            
1 31800U 07031A   25324.25474917 -.00000337  00000+0  00000+0 0  9990
2 31800   1.8529  83.9734 0005157 173.8684   6.8249  1.00273015 67335
DIRECTV 10              
1 31862U 07032A   25324.14052184 -.00000082  00000+0  00000+0 0  9992
2 31862   0.0018 325.6538 0000210 138.4727 263.1101  1.00271841 43496
WORLDVIEW-1 (WV-1)      
1 32060U 07041A   25324.26957817  .00009094  00000+0  36634-3 0  9990
2 32060  97.3873  82.0770 0003668 166.8175 193.3159 15.25071050 11055
OPTUS D2                
1 32252U 07044A   25324.21518176 -.00000150  00000+0  00000+0 0  9991
2 32252   1.5338  84.6146 0003490 161.8845  63.2655  0.99348070 66463
INTELSAT 11 (IS-11)     
1 32253U 07044B   25324.19350462 -.00000216  00000+0  00000+0 0  9994
2 32253   3.0192  81.2354 0008887 153.6198 219.1969  0.99052844 66380
WGS F1 (USA 195)        
1 32258U 07046A   25323.93841069 -.00000246  00000+0  00000+0 0  9993
2 32258   0.1593  88.0557 0001486 168.7851  97.7042  1.00271139 50231
NAVSTAR 60 (USA 196)    
1 32260U 07047A   25323.81910166 -.00000024  00000+0  00000+0 0  9993
2 32260  53.9397  88.7053 0164494  84.9479 276.8973  2.00565528132619
GLOBALSTAR M066         
1 32265U 07048C   25324.31517519 -.00000089  00000+0  46982-4 0  9995
2 32265  51.9607 297.5232 0004927 330.6680 171.1691 12.30379490834511
COSMOS 2433 [GLONASS-M] 
1 32275U 07052A   25322.21872747 -.00000048  00000+0  00000+0 0  9996
2 32275  65.6959 323.0296 0005823 248.1877 111.7751  2.13104164140562
COSMOS 2432 [GLONASS-M] 
1 32276U 07052B   25323.95386162 -.00000047  00000+0  00000+0 0  9999
2 32276  65.7110 323.0952 0011047 309.4491 246.1899  2.13103287140628
SAR-LUPE 3              
1 32283U 07053A   25324.27770912  .00151826  00000+0  73216-3 0  9998
2 32283  98.1557 136.8986 0006578 145.3856 214.7840 15.82152849  7697
YAOGAN-3                
1 32289U 07055A   25324.31604117  .00002426  00000+0  25921-3 0  9995
2 32289  97.8389 351.1440 0001769  81.7271 278.4147 14.89706075974759